BƯỚC 1: TẠO DANH SÁCH SỐ CCCD (Enhanced Generator)
Thời gian: 2025-09-08 06:36:53
Số lượng CCCD được tạo: 2000
Mã tỉnh/thành: 31
Giới tính: female
Khoảng năm sinh: 1965 - 1975
Generator Type: enhanced

THỐNG KÊ HIỆU SUẤT (CCCD Enhanced Generator):
- Coverage Rate: 100.00%
- Accuracy Rate: 100.00%
- Reliability Index: 0.95
- Generation Speed: 50.00 CCCD/second
- Valid Count: 2000
- Invalid Count: 0

DANH SÁCH CCCD:
  1. 979930698939
  2. 791055356702
  3. 943785558711
  4. 978025554092
  5. 291906359659
  6. 555914942970
  7. 072918130473
  8. 253231264209
  9. 333624425014
 10. 403372584444
 11. 160575987487
 12. 519196989439
 13. 149631293227
 14. 863683403238
 15. 812506400254
 16. 378807290616
 17. 589651623350
 18. 315595747544
 19. 270200291788
 20. 974175677075
 21. 972012900279
 22. 496117437932
 23. 922759642475
 24. 309895384977
 25. 059567656844
 26. 365022781376
 27. 098019858395
 28. 890861417195
 29. 953101472548
 30. 073794057351
 31. 504570517517
 32. 690966711364
 33. 958117381819
 34. 990961453085
 35. 555010640378
 36. 208577553000
 37. 587398248258
 38. 560231834176
 39. 080430298574
 40. 830023729281
 41. 305392478556
 42. 100751333604
 43. 815034991007
 44. 871110757480
 45. 033529552343
 46. 698041871076
 47. 547295412847
 48. 650106710920
 49. 385784017232
 50. 442163250793
 51. 371113434971
 52. 690317369654
 53. 169639531097
 54. 710435664980
 55. 712866369469
 56. 425235710070
 57. 103841857944
 58. 273990993863
 59. 867311790792
 60. 383604299796
 61. 728046368054
 62. 576733228947
 63. 640144343247
 64. 776979044476
 65. 674555515796
 66. 565342681902
 67. 834339241261
 68. 706101199530
 69. 366266582431
 70. 149069891825
 71. 270138498218
 72. 552073829372
 73. 956131717419
 74. 412199084570
 75. 024330914506
 76. 566444295805
 77. 716608379857
 78. 059896771940
 79. 039167383000
 80. 395947865870
 81. 318036497497
 82. 236926629623
 83. 911437724638
 84. 671120137952
 85. 241944902652
 86. 993966900985
 87. 838731712473
 88. 560917702927
 89. 213777727231
 90. 304912386670
 91. 435325870465
 92. 034460178707
 93. 534175089312
 94. 928489922680
 95. 856873258650
 96. 038975332206
 97. 491085016437
 98. 537174195794
 99. 731260515259
100. 417167629527
101. 209558384191
102. 643334118972
103. 680758179214
104. 664313654657
105. 248843506545
106. 324235331540
107. 906727384507
108. 808603708686
109. 576325302014
110. 334133977163
111. 708880121074
112. 090558361243
113. 480255775184
114. 733171981144
115. 816107877361
116. 618606862051
117. 175512335569
118. 554155764122
119. 137253246944
120. 481727328140
121. 366416922848
122. 397535714053
123. 077064405182
124. 063640622211
125. 336227540509
126. 777269455609
127. 402740369903
128. 648619333321
129. 225726055011
130. 696880630365
131. 150833827920
132. 931638368678
133. 045570648241
134. 546255441954
135. 213241071841
136. 250080881015
137. 528813534120
138. 216708760828
139. 195759692568
140. 736562328287
141. 702426876396
142. 552209558724
143. 506718596384
144. 735320906666
145. 514220863959
146. 743451267754
147. 623970792354
148. 716255138793
149. 612562443622
150. 782067988791
151. 213746051005
152. 631829011599
153. 022727172632
154. 979230372288
155. 925318555654
156. 895853395941
157. 749005810024
158. 193801636729
159. 107846618220
160. 349051206880
161. 643005758998
162. 011173514194
163. 128761763670
164. 198372273567
165. 846432930154
166. 298101064207
167. 848113039023
168. 284568632501
169. 592469723883
170. 512682060861
171. 143088122260
172. 943050223445
173. 341040033934
174. 441222926234
175. 632559483662
176. 156065114822
177. 990719936769
178. 408363322396
179. 375948611270
180. 267086622196
181. 942018269838
182. 658371167080
183. 305377325555
184. 036801995884
185. 532236646254
186. 408800858310
187. 641780211234
188. 988227622520
189. 417013997585
190. 623576082815
191. 461006518970
192. 547395134879
193. 366443791562
194. 354343266645
195. 429984826296
196. 792896860947
197. 429951173013
198. 350917521028
199. 522030468137
200. 758254883489
201. 256900296015
202. 682297112676
203. 706543663332
204. 846431289482
205. 533552891736
206. 257766476866
207. 752461800441
208. 208555084125
209. 907550767427
210. 526747201815
211. 579137059088
212. 444817244446
213. 591679306968
214. 991803592760
215. 389848386514
216. 194068416145
217. 305403223928
218. 999384582533
219. 728239309557
220. 128762556841
221. 498605296772
222. 198380951992
223. 005007762162
224. 046028117023
225. 552735404594
226. 256795308154
227. 963708055673
228. 195314359089
229. 841957628646
230. 284587983794
231. 017948500463
232. 064424837971
233. 332449060554
234. 063332040903
235. 313591221080
236. 901644718128
237. 650119937059
238. 676360995429
239. 153661981580
240. 789974907764
241. 578673574544
242. 718821400722
243. 566474370265
244. 434907946579
245. 058524603796
246. 632638035190
247. 762655714346
248. 165336655583
249. 007252848972
250. 176553637930
251. 845705958197
252. 276636643779
253. 534184181214
254. 553379526106
255. 812621538740
256. 926792153433
257. 821077826923
258. 137163693938
259. 089099039341
260. 980851692811
261. 819154935372
262. 799939528572
263. 716262663863
264. 777725765297
265. 967945329201
266. 509841204877
267. 219374120252
268. 670460346937
269. 166156756390
270. 667721624681
271. 618777383775
272. 054820005405
273. 625600725940
274. 266373622049
275. 634700064930
276. 232463704489
277. 791828241299
278. 795575382914
279. 231531395168
280. 116835471620
281. 581471330745
282. 875454272024
283. 392697513842
284. 485512312067
285. 193229580275
286. 279532091314
287. 717161851356
288. 439674807554
289. 159898777317
290. 834498252614
291. 687127450201
292. 570814003855
293. 248598071800
294. 515884471518
295. 130533149675
296. 645061190637
297. 952723142767
298. 141161573498
299. 769755799527
300. 302435452504
301. 175042482709
302. 806869143113
303. 786952938527
304. 019271391130
305. 159317340527
306. 401385274519
307. 658487359893
308. 852432096344
309. 470095501172
310. 691023734415
311. 547670636794
312. 991260834272
313. 718017427631
314. 409631920920
315. 440837359530
316. 578382710204
317. 973338109099
318. 350757264009
319. 032604336461
320. 300790699094
321. 050010850222
322. 813089203240
323. 816614045000
324. 718895608763
325. 343789023497
326. 310091291638
327. 666148890116
328. 356129821378
329. 406194600055
330. 008066640186
331. 644831434967
332. 624742772932
333. 073667908249
334. 711310972786
335. 602940576428
336. 983066071837
337. 940355476663
338. 651399150989
339. 343860819853
340. 915388241349
341. 111396112462
342. 275285978479
343. 471809271806
344. 250211933900
345. 674403636297
346. 412656703463
347. 017098595138
348. 630557205788
349. 676663118380
350. 837761176571
351. 940234831103
352. 412082330062
353. 516783773990
354. 732057980458
355. 540338826333
356. 505197146701
357. 926128429228
358. 855675230555
359. 747072199815
360. 848055487108
361. 783354334872
362. 191386096053
363. 113715626511
364. 816963093412
365. 992350285386
366. 368735900693
367. 933501159928
368. 407776519984
369. 727115028304
370. 445765817900
371. 902680289563
372. 425096312580
373. 738606677902
374. 969352556354
375. 609903476673
376. 503055091949
377. 209885075811
378. 935473030049
379. 919589851452
380. 054106243663
381. 790738769143
382. 944621974201
383. 638372164997
384. 361596176600
385. 686217614636
386. 624112227326
387. 986800158407
388. 796582977568
389. 039635172015
390. 431400301337
391. 796491369528
392. 394407725207
393. 691076848999
394. 905638570199
395. 890584599566
396. 717506330283
397. 699067057495
398. 792936562444
399. 427523399218
400. 303632717940
401. 986609072442
402. 293323422698
403. 969737256222
404. 220030257227
405. 743461464110
406. 349103710367
407. 406576990789
408. 736054007190
409. 383842615325
410. 925876497409
411. 120590310876
412. 107903253690
413. 646396364405
414. 479163605674
415. 223101009383
416. 051159711640
417. 214952025525
418. 335302769045
419. 294977029426
420. 124029079385
421. 441726578968
422. 206896566101
423. 498627087509
424. 660537978441
425. 142872881039
426. 627851264724
427. 298393660768
428. 033839854833
429. 826006115045
430. 033309753495
431. 088712029733
432. 765937481799
433. 350746311387
434. 037696101632
435. 502261763267
436. 430235890086
437. 338338948962
438. 856017004239
439. 996433412685
440. 364417257472
441. 435821565810
442. 343943469639
443. 400933899422
444. 870159723390
445. 548828504209
446. 236733890535
447. 866357766865
448. 748899363918
449. 920381393901
450. 172346204095
451. 124757898699
452. 284501422835
453. 064758976075
454. 192543980430
455. 740578539170
456. 267452751709
457. 111936000850
458. 494596476949
459. 649651598531
460. 209285381279
461. 476183561192
462. 793676875758
463. 390318806724
464. 280142220999
465. 827279520704
466. 404863064471
467. 817128936214
468. 326438817945
469. 662422351756
470. 776882830832
471. 588342018666
472. 972412728280
473. 341256994366
474. 751818832957
475. 800288547958
476. 892769393708
477. 821372290751
478. 790374859982
479. 837354034224
480. 174472740058
481. 275285010898
482. 254287037446
483. 231999617785
484. 176416318510
485. 132656803352
486. 857282248934
487. 744336440681
488. 203002762881
489. 898016301185
490. 722699180045
491. 909780969075
492. 559913169421
493. 929983605644
494. 244434506252
495. 777507011021
496. 659327965155
497. 618238811370
498. 746064326193
499. 992446200127
500. 113805907246
501. 851939113926
502. 050759742593
503. 290197314065
504. 541595166101
505. 387607044246
506. 285710010356
507. 101569762438
508. 803502435204
509. 477099699214
510. 749865178237
511. 491785821984
512. 512301892311
513. 792688402851
514. 254427757168
515. 555687076268
516. 971421481043
517. 029046029389
518. 511154872314
519. 367215297057
520. 631564494977
521. 759224986651
522. 355413510677
523. 403509922276
524. 955149306484
525. 899628023363
526. 428307488172
527. 362210836085
528. 122519097496
529. 037522822381
530. 974823712097
531. 293039464088
532. 129359601503
533. 181269371531
534. 269520100416
535. 877646424156
536. 061804905874
537. 662133185621
538. 342538687680
539. 736945740829
540. 783059144579
541. 026334456275
542. 782219436557
543. 013602302868
544. 661489043204
545. 003889379462
546. 052431778037
547. 376399074897
548. 570340990054
549. 996485320619
550. 412194128584
551. 258836433805
552. 736018553392
553. 941200647790
554. 278897121098
555. 720892572044
556. 758063229015
557. 711904539099
558. 872392415250
559. 469066571047
560. 381134182400
561. 599997559269
562. 914031254578
563. 708058469961
564. 205779732270
565. 812651525255
566. 789394517798
567. 243813674526
568. 726269150667
569. 849284215948
570. 597939691444
571. 014168037621
572. 971204661418
573. 286967010413
574. 934297885528
575. 474506794472
576. 391350535948
577. 740974292541
578. 062109784533
579. 891632142243
580. 535662198307
581. 536170031984
582. 460991340240
583. 869493277362
584. 248849308203
585. 209444313546
586. 966454190554
587. 929559307694
588. 173414201693
589. 389712108876
590. 316151924542
591. 335095357282
592. 832311169091
593. 310846094384
594. 230634144263
595. 126413020249
596. 281225112426
597. 323980591514
598. 858305324807
599. 631241146585
600. 745662219074
601. 263045332305
602. 954389665802
603. 127165838414
604. 239454331696
605. 817018894649
606. 554850787426
607. 469582369653
608. 628852768528
609. 186262093633
610. 856059655414
611. 866273444984
612. 558714772866
613. 515815548450
614. 987084555060
615. 633393013509
616. 890674520522
617. 121551244946
618. 174034696370
619. 553146716081
620. 071250726287
621. 149154534415
622. 513729261942
623. 916737621746
624. 877175506942
625. 606385200895
626. 015828770161
627. 344776035385
628. 113127340649
629. 523519310624
630. 387462180953
631. 033131187576
632. 009906231762
633. 256529401633
634. 370818046323
635. 345673135511
636. 919112459138
637. 852231334930
638. 640087047431
639. 795427249396
640. 591638832414
641. 531854181119
642. 990850549697
643. 868242528094
644. 467769035861
645. 761911610569
646. 312676610840
647. 268176070683
648. 753880230813
649. 943300183285
650. 148404064343
651. 192455998518
652. 381040479701
653. 511229003565
654. 817120938891
655. 126348967414
656. 548073394240
657. 632970792298
658. 841714591427
659. 228246936613
660. 519525103611
661. 694829801725
662. 410366832829
663. 805450798541
664. 451929044202
665. 715439200386
666. 910245307697
667. 019762113434
668. 172651535135
669. 816143729299
670. 883215160884
671. 792842100690
672. 901089615942
673. 601304541571
674. 358978980510
675. 942447979149
676. 864950677300
677. 977251737795
678. 217852459533
679. 006847409087
680. 580490854740
681. 319789386552
682. 618245869734
683. 691223884425
684. 552656653983
685. 191608996118
686. 284773770269
687. 229352452371
688. 609457519369
689. 953523557714
690. 025091663897
691. 486271268341
692. 659639500460
693. 060228874152
694. 446020969354
695. 099801202475
696. 735958225030
697. 951508923915
698. 302920475034
699. 027978460064
700. 855998421424
701. 122219043113
702. 317954538800
703. 616690127211
704. 142377778247
705. 587212573328
706. 396842870311
707. 234979576957
708. 837690257740
709. 953251700688
710. 832531928213
711. 060758859454
712. 483876493592
713. 995094338581
714. 725243083834
715. 631203574378
716. 130265714472
717. 141865578935
718. 018436614008
719. 691464178961
720. 574717759275
721. 159061558762
722. 810759598415
723. 613126118360
724. 925559271367
725. 340104045365
726. 260782145726
727. 804346895381
728. 228946701972
729. 823493156519
730. 117085905126
731. 383405166447
732. 109547460450
733. 597735640267
734. 375275632358
735. 530087466225
736. 526666470040
737. 245749223946
738. 758745063398
739. 945719414808
740. 628835198672
741. 534334863732
742. 043706109063
743. 092029807755
744. 419536022716
745. 063544514255
746. 092652896257
747. 467975691094
748. 776749319737
749. 581353001971
750. 650247589229
751. 374733671628
752. 198829054287
753. 114041296761
754. 551247761149
755. 129556938449
756. 593874316076
757. 566770510254
758. 177348999271
759. 416546580438
760. 077826151143
761. 006068191211
762. 700713833499
763. 626565522259
764. 321603538333
765. 085105771053
766. 696117271480
767. 798737629579
768. 921305966387
769. 337911191720
770. 119548607601
771. 014462694493
772. 081824779117
773. 722599491222
774. 899655008612
775. 240940367762
776. 051229930621
777. 056305408537
778. 359784286349
779. 391916026801
780. 015302460905
781. 206464414758
782. 990375958141
783. 573477522482
784. 845003901414
785. 132979464873
786. 718733980215
787. 616805247833
788. 706059605213
789. 309548214574
790. 245992882917
791. 709620727557
792. 834004874958
793. 812776817131
794. 476266855750
795. 835998097177
796. 562861843014
797. 195177747796
798. 588939068491
799. 410481618157
800. 622985195940
801. 706713790513
802. 374942077638
803. 531201944898
804. 873002817584
805. 631641435572
806. 794411859131
807. 893416349920
808. 872885528144
809. 136603878995
810. 397181799270
811. 782188818028
812. 678979315872
813. 016632339020
814. 027095656114
815. 440226794542
816. 656845971121
817. 859121334004
818. 887765816154
819. 642491183510
820. 784236409422
821. 516462942533
822. 809797560406
823. 803378061764
824. 109248002803
825. 983059749371
826. 053164141298
827. 595808026350
828. 421316769817
829. 157046933150
830. 203501615124
831. 893050130035
832. 275465262207
833. 587537591614
834. 296622213595
835. 454748617901
836. 900554807240
837. 906312754385
838. 250440964287
839. 228374197377
840. 892260140652
841. 270480149038
842. 746774986839
843. 870059976482
844. 194295303759
845. 797929697661
846. 323460103275
847. 116185538713
848. 709691837170
849. 418187551004
850. 286849236393
851. 779390588072
852. 393612570990
853. 578517235470
854. 553879393508
855. 673237152419
856. 643067595901
857. 271985165460
858. 362514603784
859. 452902609691
860. 291679604915
861. 179726641621
862. 128579112912
863. 265040511384
864. 286194388968
865. 919763568540
866. 093603952916
867. 522771875530
868. 370926052226
869. 442420619093
870. 832290286979
871. 457234149379
872. 839642766986
873. 491289507151
874. 545702098193
875. 840784372774
876. 845073780661
877. 718227016275
878. 230233543328
879. 382653473870
880. 220618488967
881. 004828871290
882. 825205231786
883. 561854296183
884. 964579503338
885. 585204931142
886. 489457828831
887. 533664679807
888. 619726111507
889. 988016419838
890. 663913462249
891. 762032005587
892. 748590270181
893. 212309835590
894. 682389238895
895. 191247906102
896. 369884056340
897. 069857805526
898. 295734266474
899. 357750875155
900. 228912980055
901. 111222685430
902. 479906204460
903. 191772730339
904. 634736564054
905. 602497123307
906. 447568481349
907. 295649681601
908. 414949518257
909. 000332482105
910. 435927551366
911. 087618139784
912. 912230102671
913. 713515124325
914. 191106494179
915. 064639199928
916. 662922166325
917. 743917204590
918. 242952937778
919. 912762517431
920. 573640995406
921. 144786845524
922. 067335179192
923. 556871724132
924. 016491663000
925. 378809171002
926. 262163771740
927. 241749233813
928. 332921907161
929. 630984276858
930. 503529297121
931. 623703392794
932. 729859476332
933. 497751165403
934. 515309886041
935. 329173317399
936. 988686816097
937. 128675705235
938. 141046035174
939. 442415469517
940. 010117940892
941. 137441244673
942. 746497227987
943. 709368071093
944. 974203182612
945. 357767036485
946. 443127014349
947. 753995406239
948. 592360864027
949. 861129735778
950. 156858511461
951. 860975443635
952. 147396654673
953. 950785510024
954. 140014373567
955. 360227972867
956. 692701215868
957. 127707879531
958. 582280251673
959. 785547228428
960. 740480898010
961. 622977878277
962. 554833279004
963. 639134663793
964. 546668040275
965. 620315722568
966. 810962455638
967. 454590707918
968. 703377388465
969. 689376661924
970. 004138457838
971. 527443975776
972. 189066181315
973. 145117939097
974. 885902561672
975. 923700351541
976. 463977718641
977. 422050869442
978. 213540601570
979. 666094836994
980. 897804875217
981. 556325277736
982. 932849916177
983. 180468317755
984. 774048451419
985. 619483498701
986. 021908397190
987. 895833014723
988. 942417353559
989. 325945860187
990. 381623317559
991. 795792339293
992. 305555310165
993. 942803367651
994. 191273845496
995. 174316797356
996. 401596981409
997. 872553475103
998. 854357779214
999. 549482826348
1000. 119824129164
1001. 183075930519
1002. 608988260422
1003. 142585910202
1004. 151323117960
1005. 888893258316
1006. 690834385306
1007. 826716339380
1008. 424664575197
1009. 011723266852
1010. 502966887115
1011. 111839894300
1012. 326974032077
1013. 972345725092
1014. 297038448048
1015. 960863751167
1016. 375125576195
1017. 465108962451
1018. 713559421690
1019. 466649189559
1020. 064841938205
1021. 342079550513
1022. 176334044715
1023. 294546526733
1024. 196848157123
1025. 085264167835
1026. 139747868222
1027. 434883915363
1028. 548989350575
1029. 603008843018
1030. 392944078033
1031. 698031331542
1032. 869756716763
1033. 243928169819
1034. 904307809355
1035. 610428288624
1036. 231658750792
1037. 392194930713
1038. 972689523040
1039. 855317417826
1040. 393423951023
1041. 081834846884
1042. 386025229331
1043. 660798132351
1044. 960212454841
1045. 369537649176
1046. 082167453799
1047. 848877463884
1048. 030471878357
1049. 724217354468
1050. 958350314680
1051. 341355191910
1052. 787201607520
1053. 489459792684
1054. 220035407102
1055. 152768086347
1056. 084821426907
1057. 902607180534
1058. 145241006072
1059. 032661750050
1060. 522051223450
1061. 399798108208
1062. 549117937573
1063. 558039224458
1064. 825077555526
1065. 263026318787
1066. 920810403665
1067. 051134732977
1068. 534038446458
1069. 005830371015
1070. 139814072373
1071. 256696900382
1072. 636043305565
1073. 634830836063
1074. 896657436856
1075. 491622726876
1076. 162487654791
1077. 655781047210
1078. 737367452363
1079. 194799509419
1080. 632606605403
1081. 828727650832
1082. 331980257075
1083. 005178252399
1084. 558123366783
1085. 369272795720
1086. 606156222039
1087. 280874061885
1088. 603354245255
1089. 730651881620
1090. 654585187351
1091. 803926329475
1092. 213742554980
1093. 506567028442
1094. 732406511756
1095. 295954892643
1096. 262977187237
1097. 017431246834
1098. 768238217419
1099. 268601589818
1100. 287919018085
1101. 957663081962
1102. 687536766057
1103. 004230702476
1104. 181055107777
1105. 833925118553
1106. 408580784759
1107. 322512354052
1108. 676211950529
1109. 856790755585
1110. 516338536565
1111. 074407627895
1112. 156776796510
1113. 608393956066
1114. 382504603621
1115. 856933851141
1116. 301113279742
1117. 044808216236
1118. 058156011367
1119. 787538768816
1120. 805730958265
1121. 153918165403
1122. 684597713345
1123. 331615372602
1124. 533158941748
1125. 060912975184
1126. 238294206298
1127. 447562994829
1128. 383798919401
1129. 335026130618
1130. 430649564834
1131. 097669149206
1132. 093016281339
1133. 867945038055
1134. 150564898640
1135. 491490507889
1136. 706967300405
1137. 582849304811
1138. 292245797247
1139. 975567177020
1140. 455247492095
1141. 190107475095
1142. 976861064873
1143. 157275144628
1144. 240779783311
1145. 795863847904
1146. 617421233639
1147. 391841699133
1148. 234463146808
1149. 733654075152
1150. 104864024740
1151. 514225794668
1152. 687990394811
1153. 143063971714
1154. 814435429054
1155. 180135605734
1156. 774320052049
1157. 969721759427
1158. 072758423632
1159. 836134357951
1160. 098080136251
1161. 853330355844
1162. 375286504578
1163. 755926572985
1164. 005161796096
1165. 314225694550
1166. 205988131978
1167. 085220547450
1168. 683961500296
1169. 610243398305
1170. 447263118144
1171. 886923664901
1172. 421044592655
1173. 860986214307
1174. 018284305313
1175. 776787130661
1176. 087194491737
1177. 628822002307
1178. 453967484636
1179. 437289391298
1180. 288378848692
1181. 440750933607
1182. 140153051466
1183. 805895690494
1184. 887632181814
1185. 965825555033
1186. 652724259261
1187. 102495183796
1188. 690845221212
1189. 644955611009
1190. 016761365112
1191. 446484204155
1192. 133778232828
1193. 997070384974
1194. 831670896649
1195. 818897087281
1196. 379496889189
1197. 430507625890
1198. 407377988177
1199. 559346483135
1200. 658260146782
1201. 106666791711
1202. 958093740828
1203. 084363280064
1204. 126176576966
1205. 956261743241
1206. 180119912772
1207. 421545077586
1208. 899793479039
1209. 576700759356
1210. 431135648519
1211. 561150158116
1212. 604386367389
1213. 094473891922
1214. 944795646105
1215. 090053290033
1216. 261144264245
1217. 074301458568
1218. 599149715524
1219. 747453733019
1220. 950107647959
1221. 146099906236
1222. 408482646813
1223. 760783075188
1224. 822237578332
1225. 673273780695
1226. 607039177744
1227. 316949168059
1228. 706892875954
1229. 329126003030
1230. 463874918736
1231. 191797164743
1232. 299789894331
1233. 523283809945
1234. 433705788780
1235. 552885308247
1236. 540457556361
1237. 661675805888
1238. 171701716550
1239. 365656999648
1240. 876413879878
1241. 217787166684
1242. 948745500587
1243. 692557577158
1244. 074996580902
1245. 531418957871
1246. 344044315946
1247. 513987365582
1248. 007203175466
1249. 268445665257
1250. 060002437153
1251. 710274411991
1252. 146780603025
1253. 821919090253
1254. 272672429243
1255. 732548081291
1256. 314776063704
1257. 396489661503
1258. 959406179487
1259. 398926651200
1260. 131836693136
1261. 928958274733
1262. 659022034098
1263. 734621265662
1264. 688170094877
1265. 559558613545
1266. 557438455325
1267. 989426478658
1268. 754383241971
1269. 066140031464
1270. 584518246685
1271. 784255736049
1272. 820856306315
1273. 157279408912
1274. 075442859180
1275. 670305521903
1276. 627682826368
1277. 147261560703
1278. 525970471283
1279. 820722322965
1280. 868543074061
1281. 576914832660
1282. 012914815160
1283. 297894781665
1284. 549953732128
1285. 460391156742
1286. 991429163215
1287. 769382951467
1288. 217277987516
1289. 020473831279
1290. 336996523413
1291. 088395240649
1292. 494666191392
1293. 007503911578
1294. 053492697788
1295. 554698193047
1296. 598785278856
1297. 169770307796
1298. 268322992038
1299. 133230670813
1300. 760770412237
1301. 422247752878
1302. 649933871872
1303. 626465799779
1304. 872856218121
1305. 082747490629
1306. 698087083318
1307. 359534671076
1308. 958873791925
1309. 783632939257
1310. 665149302749
1311. 380845661677
1312. 215046957030
1313. 928290160482
1314. 487042845011
1315. 520749074155
1316. 373457133772
1317. 958047447495
1318. 270351954684
1319. 115884590938
1320. 629872491612
1321. 640893872303
1322. 600102316451
1323. 325018592740
1324. 660843596812
1325. 204189488303
1326. 603985435088
1327. 874892339164
1328. 262698340416
1329. 804182797141
1330. 862989096948
1331. 750387612378
1332. 890756117486
1333. 493532014947
1334. 180097226472
1335. 372650520614
1336. 578001234705
1337. 129789618449
1338. 773655782123
1339. 670031211958
1340. 341186036781
1341. 410572689660
1342. 831421963139
1343. 841200133593
1344. 740445321902
1345. 362746289605
1346. 695285683745
1347. 068704091882
1348. 078371534744
1349. 912114064322
1350. 741901101049
1351. 275133380105
1352. 886154180507
1353. 898075406767
1354. 836093933864
1355. 399404710525
1356. 388770644975
1357. 098804186305
1358. 555909018044
1359. 951284667043
1360. 028033635243
1361. 068439807777
1362. 348652099438
1363. 845541679957
1364. 266228978906
1365. 174177176583
1366. 654740135733
1367. 512645627172
1368. 314452989016
1369. 816400942802
1370. 839518651953
1371. 746285737131
1372. 189017421195
1373. 221346159481
1374. 352011766969
1375. 924405419658
1376. 142229090102
1377. 357469774419
1378. 211036975497
1379. 077179272525
1380. 132906856925
1381. 824999429878
1382. 266849530069
1383. 195642442420
1384. 002990472916
1385. 236984422903
1386. 290281605962
1387. 701734902844
1388. 304913443101
1389. 642240521756
1390. 675872083912
1391. 188397647049
1392. 921635115189
1393. 922326570653
1394. 375191873209
1395. 435332295207
1396. 547047070443
1397. 861963879650
1398. 688867645071
1399. 914547777308
1400. 722124753903
1401. 736698994417
1402. 672959455466
1403. 922784502593
1404. 274285719771
1405. 036698763386
1406. 243075781787
1407. 489957590900
1408. 241535208302
1409. 329819985954
1410. 301269049016
1411. 359339535321
1412. 765426426310
1413. 099604471611
1414. 284102478485
1415. 112033290066
1416. 870239997332
1417. 575948680453
1418. 794687383917
1419. 073551910907
1420. 536295955911
1421. 664061854989
1422. 911497981553
1423. 781214597700
1424. 741390651386
1425. 865078200182
1426. 895586304426
1427. 807743848752
1428. 840266439146
1429. 167298784575
1430. 998645993971
1431. 165721614570
1432. 037693278316
1433. 907053039064
1434. 891427932665
1435. 689435339551
1436. 636298699757
1437. 396127160949
1438. 287374244884
1439. 365862639160
1440. 521533839334
1441. 788141762537
1442. 148552523785
1443. 366820589455
1444. 659326903618
1445. 763859760337
1446. 838038731997
1447. 986666103843
1448. 408741728404
1449. 519413973035
1450. 695856163101
1451. 371253450333
1452. 832789795027
1453. 325323486494
1454. 935887281586
1455. 459594473103
1456. 408326058064
1457. 458535203333
1458. 230468834614
1459. 982336013232
1460. 218013972543
1461. 478397909955
1462. 370492897510
1463. 425334597607
1464. 988799671611
1465. 102986964880
1466. 426696457752
1467. 237493941386
1468. 279666854449
1469. 052837692425
1470. 271818164024
1471. 208246699170
1472. 744338155074
1473. 402235031239
1474. 730567833170
1475. 465470949615
1476. 808897946488
1477. 959113309190
1478. 364371352581
1479. 313803962285
1480. 635994802205
1481. 117641019724
1482. 553485138583
1483. 679365667151
1484. 591402881759
1485. 153081527046
1486. 439182118541
1487. 377270479170
1488. 373627378502
1489. 591915778764
1490. 052168401961
1491. 915585754569
1492. 263598597967
1493. 744880847929
1494. 962321612032
1495. 829668927089
1496. 385544932770
1497. 769501165442
1498. 049967471555
1499. 655805702587
1500. 573430693279
1501. 849883024979
1502. 416275828874
1503. 135432324722
1504. 959839757438
1505. 990047517954
1506. 959958991146
1507. 211538976364
1508. 909524810300
1509. 471321889651
1510. 986204612533
1511. 051890985271
1512. 050824374186
1513. 139379403205
1514. 131420753447
1515. 944403870369
1516. 461340323111
1517. 377263658442
1518. 234356094695
1519. 419265870253
1520. 778729944250
1521. 971699792896
1522. 522051538997
1523. 120334469124
1524. 369602402111
1525. 302381949538
1526. 370502823965
1527. 354587230876
1528. 616907902415
1529. 921021089391
1530. 139975083198
1531. 870457482877
1532. 399303874339
1533. 296339592410
1534. 320185374644
1535. 199053381948
1536. 798794476235
1537. 531225713301
1538. 699239731174
1539. 893567789538
1540. 853862894492
1541. 920417554752
1542. 140608547060
1543. 915159491787
1544. 166639261816
1545. 885884681829
1546. 830547481264
1547. 891893001515
1548. 575970782591
1549. 864755073941
1550. 410080589366
1551. 331380005837
1552. 676727361149
1553. 745135078419
1554. 251060844462
1555. 909644176686
1556. 871125232722
1557. 674349775552
1558. 218939314741
1559. 746976778812
1560. 879187655936
1561. 592574435981
1562. 980959231713
1563. 576485278343
1564. 916621976064
1565. 022526623100
1566. 547926897397
1567. 936616095846
1568. 536038707485
1569. 511747247828
1570. 020085392788
1571. 891826017708
1572. 829295853897
1573. 081989194861
1574. 519200342130
1575. 563319414621
1576. 024022339700
1577. 794165449524
1578. 857467341667
1579. 236886076495
1580. 166638189201
1581. 846185257296
1582. 326969546759
1583. 949447437592
1584. 922392495703
1585. 993689797336
1586. 610266385612
1587. 798548138702
1588. 900716346820
1589. 226706366776
1590. 253048962807
1591. 397264021449
1592. 238021097348
1593. 201810766851
1594. 548608536804
1595. 930413743664
1596. 878089187303
1597. 866934390933
1598. 937807258100
1599. 551847506596
1600. 014518773512
1601. 722935475960
1602. 228068943862
1603. 006885784234
1604. 410334975693
1605. 865147370818
1606. 191742577557
1607. 192096156197
1608. 868502244903
1609. 710481515417
1610. 676193913846
1611. 731369636584
1612. 387740521972
1613. 487225566706
1614. 353677963126
1615. 070788131188
1616. 967502223923
1617. 012043081094
1618. 541277184133
1619. 711263247753
1620. 397195992067
1621. 734911587446
1622. 316056164338
1623. 914620658173
1624. 458590283356
1625. 298483539850
1626. 596250340148
1627. 627294675373
1628. 567049502523
1629. 298423396106
1630. 226768267742
1631. 261231420631
1632. 545094583281
1633. 518479438037
1634. 300080306184
1635. 376905317210
1636. 240763082564
1637. 215494236260
1638. 828726036316
1639. 969681295106
1640. 994082639726
1641. 064760188315
1642. 868341359221
1643. 034572131860
1644. 920767590652
1645. 428115509481
1646. 240632735678
1647. 151469287500
1648. 039205912183
1649. 494782772989
1650. 156892832068
1651. 341292070830
1652. 519811309921
1653. 804980730962
1654. 224660912625
1655. 606968498454
1656. 016221614158
1657. 691611860663
1658. 107725940392
1659. 115420895757
1660. 516075510888
1661. 272071500492
1662. 145597873174
1663. 859611471324
1664. 250121300580
1665. 646743485844
1666. 015101149243
1667. 112189830048
1668. 814186769686
1669. 131265731763
1670. 094244919293
1671. 742068221524
1672. 584736972410
1673. 643314979259
1674. 694328462758
1675. 245937817746
1676. 563095043042
1677. 186668851181
1678. 581654448559
1679. 416879010876
1680. 179780530846
1681. 600679398247
1682. 842840579311
1683. 273981571269
1684. 138941397362
1685. 232767233575
1686. 333748684626
1687. 040807288546
1688. 666937362205
1689. 841923258801
1690. 804610387728
1691. 393668721602
1692. 998086880795
1693. 686831496233
1694. 571504965874
1695. 109750416674
1696. 135213224268
1697. 022388698758
1698. 824872033220
1699. 805190532068
1700. 716959013869
1701. 654381294039
1702. 762862743886
1703. 734311821798
1704. 964271344246
1705. 927478150129
1706. 340702206166
1707. 262387172517
1708. 467948910998
1709. 048932459426
1710. 427518157189
1711. 412602554565
1712. 971831094293
1713. 217460256462
1714. 065906123427
1715. 479162157555
1716. 081494874689
1717. 785670594920
1718. 043247306232
1719. 980942169461
1720. 994158695949
1721. 110828890472
1722. 442460180127
1723. 752959404919
1724. 853773044174
1725. 872104717030
1726. 976799187791
1727. 653590297681
1728. 693753405562
1729. 264993476318
1730. 201149396751
1731. 616388136086
1732. 104152526014
1733. 906353840946
1734. 610636109801
1735. 709768886909
1736. 084339084201
1737. 750668964759
1738. 964076613252
1739. 493761317306
1740. 861120677167
1741. 196851213092
1742. 409488670258
1743. 967067443967
1744. 443957845028
1745. 850786024650
1746. 004716969543
1747. 748481841223
1748. 237675612153
1749. 028035655764
1750. 891352068684
1751. 737723478584
1752. 447723713902
1753. 115967476476
1754. 847669735643
1755. 593082740958
1756. 917196575885
1757. 729780916868
1758. 649740398466
1759. 760659726723
1760. 948827676102
1761. 818400589528
1762. 259453807576
1763. 569079442316
1764. 565816472472
1765. 186159924188
1766. 061203846890
1767. 476217183816
1768. 170803769605
1769. 532391174438
1770. 425617830598
1771. 036085845485
1772. 459470748474
1773. 795337205375
1774. 986434235075
1775. 887784373422
1776. 992994056181
1777. 125721976022
1778. 037494760684
1779. 702600695199
1780. 215732000251
1781. 314839646378
1782. 113852239434
1783. 064560470213
1784. 204635639427
1785. 751797509472
1786. 566383126382
1787. 010635837504
1788. 224512940199
1789. 281404407925
1790. 284862706035
1791. 017114203580
1792. 983738330877
1793. 769039018463
1794. 705446318321
1795. 920777103381
1796. 440433659734
1797. 669073461887
1798. 834718684428
1799. 971992899219
1800. 746139082759
1801. 160148528324
1802. 827104802866
1803. 509181775000
1804. 706506587473
1805. 212732587587
1806. 536424969357
1807. 001212985237
1808. 668300383075
1809. 308237729835
1810. 666824813431
1811. 382955425903
1812. 675831974049
1813. 114602535655
1814. 915270245340
1815. 957952633922
1816. 979193041594
1817. 768521245118
1818. 502342191742
1819. 938651904567
1820. 758608448294
1821. 181240935201
1822. 695681629248
1823. 133595461495
1824. 083777456955
1825. 557066841709
1826. 791159224272
1827. 285613751186
1828. 515286694496
1829. 859142246993
1830. 988054257225
1831. 984661220519
1832. 462892848830
1833. 871518918765
1834. 303817279561
1835. 579439585254
1836. 682988551713
1837. 265488871222
1838. 498606444435
1839. 837460272164
1840. 449648567850
1841. 702703098630
1842. 760684420853
1843. 332604156850
1844. 127332069076
1845. 667840537728
1846. 040387379048
1847. 497431920611
1848. 996212290213
1849. 511998279505
1850. 813669808910
1851. 657113222616
1852. 160477270296
1853. 037923391866
1854. 285807947025
1855. 907957834675
1856. 421703043533
1857. 801357696041
1858. 804028083548
1859. 957065044361
1860. 333741069949
1861. 947327807926
1862. 819848435140
1863. 475620945880
1864. 523760665675
1865. 504949281239
1866. 494727736159
1867. 181925642777
1868. 820959619343
1869. 272499567150
1870. 850469778679
1871. 325141461918
1872. 894876852256
1873. 562450598069
1874. 566399560172
1875. 092164234989
1876. 281320091252
1877. 459966433517
1878. 262272840470
1879. 095917963695
1880. 061168137227
1881. 059126863051
1882. 819193549796
1883. 082713030970
1884. 297943713914
1885. 021909372897
1886. 761084198616
1887. 467297142504
1888. 209594506354
1889. 699020050238
1890. 942438805009
1891. 982573505439
1892. 975551364652
1893. 279822310600
1894. 841625088401
1895. 325905232651
1896. 867075052069
1897. 899450052076
1898. 652818165290
1899. 290062475739
1900. 748990356803
1901. 615992263343
1902. 322900565376
1903. 783985903660
1904. 057155705539
1905. 411231488284
1906. 620873355733
1907. 521063807313
1908. 646216029415
1909. 565705156989
1910. 208594725847
1911. 255595630019
1912. 485550487385
1913. 854536765971
1914. 153532850593
1915. 635754599700
1916. 806353335462
1917. 958251766767
1918. 090704005098
1919. 581758551981
1920. 425424773948
1921. 113351412788
1922. 930256515516
1923. 983914324577
1924. 639979938298
1925. 358002921029
1926. 148742238626
1927. 978849626208
1928. 584186966055
1929. 194944288198
1930. 526490571017
1931. 557033572586
1932. 569959294184
1933. 390557158250
1934. 538479564328
1935. 750151391091
1936. 418017928001
1937. 349404766053
1938. 637906809290
1939. 061004518470
1940. 633980563706
1941. 089082448012
1942. 332273076913
1943. 369539631178
1944. 681736954096
1945. 584909139021
1946. 556561985226
1947. 285980409416
1948. 911784288811
1949. 198509519734
1950. 232534928982
1951. 729342991277
1952. 590058474066
1953. 112295380907
1954. 941603265325
1955. 081811928158
1956. 872568947170
1957. 354448849660
1958. 557404294365
1959. 810314707037
1960. 845962027391
1961. 101245279028
1962. 038089213326
1963. 263570358465
1964. 709661378165
1965. 401742589434
1966. 504148321218
1967. 307397641330
1968. 832585261693
1969. 192219417540
1970. 743640034695
1971. 137282250962
1972. 916843207596
1973. 250430320215
1974. 665129360356
1975. 234355874012
1976. 537079460198
1977. 101021212065
1978. 197759884835
1979. 974212192159
1980. 002527981695
1981. 313200356717
1982. 909206727983
1983. 688582302309
1984. 454078181589
1985. 825163800576
1986. 754418454299
1987. 560841970727
1988. 516907965793
1989. 002506240699
1990. 174948270376
1991. 590902935109
1992. 823025018397
1993. 539098477927
1994. 177939227013
1995. 588200119817
1996. 514448714899
1997. 698268199261
1998. 775783662030
1999. 046603574499
2000. 901115652892

===============================================================================